<?xml version="1.0"?>
<opencv_storage>
<Intrinsics type_id="opencv-matrix">
  <rows>3</rows>
  <cols>3</cols>
  <dt>f</dt>
  <data>
    1.76565247e+003 0. 8.08267151e+002 0. 1.76636902e+003
    6.29679565e+002 0. 0. 1.</data></Intrinsics>
</opencv_storage>
